58.470000000000006
16.07
51.67
12.969999999999999
56.120000000000005
87.47
74.77000000000001
83.02000000000001
56.120000000000005
88.07000000000001
63.77
27.870000000000005
29.870000000000005
26.919999999999998
80.07000000000001
76.17
34.92
77.02000000000001
17.169999999999998
59.120000000000005
31.370000000000005
31.770000000000003
75.82000000000001
21.619999999999997
18.07
56.52
77.62
68.82000000000001
79.22
78.27000000000001
50.82
44.82000000000001
17.419999999999998
12.969999999999999
40.77
70.57000000000001
17.669999999999998
61.970000000000006
9.62
56.42
35.52
56.220000000000006
28.320000000000004
27.670000000000005
42.82000000000001
47.269999999999996
24.82
37.32000000000001
59.720000000000006
15.87
42.57000000000001
29.570000000000004
40.370000000000005
38.92
54.870000000000005
88.47
64.32000000000001
52.52
49.17
24.47
41.32000000000001
40.02
66.82000000000001
37.120000000000005
53.07000000000001
67.32000000000001
78.27000000000001
60.77
36.57000000000001
77.37
49.269999999999996
25.119999999999997
58.92
23.419999999999998
75.62
66.92
89.07000000000001
52.870000000000005
61.370000000000005
26.52
29.970000000000006
24.32
39.620000000000005
30.370000000000005
29.070000000000004
16.07
37.970000000000006
58.52
90.27000000000001
23.32
48.269999999999996
82.62
44.42
50.67
18.27
48.82
65.77000000000001
59.720000000000006
76.02000000000001
16.169999999999998
26.669999999999998
24.52
11.219999999999999
37.17
30.570000000000004
67.37
35.370000000000005
65.42
44.57000000000001
41.970000000000006
65.52000000000001
22.52
72.22
11.62
36.17
